STATISTICS:mean,sample_standard_deviation,95_percent_student_t_confidence_half_width,n=15

Matrix-Matrix Multiplication: dolphins
REPETITIONS:dolphins,32768,65536
RESULT_MY:dolphins,318,1200,0.005326371,0.000048246,0.000026717
RESULT_CS:dolphins,318,1200,0.002644839,0.000029258,0.000016203
SAMPLES_MY:dolphins,0.005269141,0.005253776,0.005403385,0.005331004,0.005346841,0.005359131,0.005292153,0.005295693,0.005397174,0.005358994,0.005306394,0.005279638,0.005392785,0.005289290,0.005320162
SAMPLES_CS:dolphins,0.002716884,0.002637948,0.002623527,0.002637370,0.002630203,0.002612430,0.002648077,0.002641026,0.002669463,0.002620070,0.002662290,0.002660161,0.002638955,0.002676032,0.002598146
VERIFY:dolphins,OK

Matrix-Vector Multiplication: dolphins
REPETITIONS:dolphins,131072,1048576,16384,1048576
RESULT_BASELINE:dolphins,318,25,0.001064377,0.000022246,0.000012319
RESULT_INDEX_BUILD:dolphins,318,0.010229417,0.000113703,0.000062967
RESULT_MY:dolphins,318,25,0.000165909,0.000002015,0.000001116
RESULT_CS:dolphins,318,25,0.000158465,0.000002450,0.000001357
SAMPLES_BASELINE:dolphins,0.001065516,0.001048877,0.001070819,0.001071004,0.001037960,0.001044945,0.001041450,0.001051733,0.001105833,0.001033916,0.001053171,0.001087000,0.001096238,0.001086868,0.001070320
SAMPLES_INDEX_BUILD:dolphins,0.010131586,0.010423222,0.010300473,0.010167307,0.010097585,0.010085611,0.010124083,0.010364043,0.010101694,0.010177183,0.010348336,0.010232292,0.010368558,0.010300272,0.010219005
SAMPLES_MY:dolphins,0.000164017,0.000167038,0.000164620,0.000163099,0.000167000,0.000165654,0.000165556,0.000164149,0.000164756,0.000166730,0.000168592,0.000163853,0.000170286,0.000168106,0.000165183
SAMPLES_CS:dolphins,0.000153696,0.000157029,0.000158783,0.000159834,0.000156631,0.000159649,0.000163527,0.000156406,0.000155512,0.000158600,0.000160457,0.000160374,0.000159198,0.000160318,0.000156957
VERIFY_BASELINE:dolphins,OK
VERIFY_INDEXED:dolphins,OK

Matrix-Matrix Multiplication: lesmis
REPETITIONS:lesmis,8192,16384
RESULT_MY:lesmis,508,2531,0.012470312,0.000280722,0.000155459
RESULT_CS:lesmis,508,2531,0.006463988,0.000086035,0.000047644
SAMPLES_MY:lesmis,0.012832192,0.013089104,0.012734048,0.012463177,0.012153584,0.012307092,0.012241042,0.012206980,0.012200350,0.012172783,0.012557485,0.012418353,0.012492590,0.012778229,0.012407668
SAMPLES_CS:lesmis,0.006546485,0.006497096,0.006452723,0.006593102,0.006341000,0.006404640,0.006405295,0.006380561,0.006309389,0.006410679,0.006495795,0.006528813,0.006584506,0.006499807,0.006509935
VERIFY:lesmis,OK

Matrix-Vector Multiplication: lesmis
REPETITIONS:lesmis,65536,524288,8192,1048576
RESULT_BASELINE:lesmis,508,36,0.001842371,0.000217775,0.000120600
RESULT_INDEX_BUILD:lesmis,508,0.019177379,0.001942901,0.001075943
RESULT_MY:lesmis,508,36,0.000243104,0.000025169,0.000013938
RESULT_CS:lesmis,508,36,0.000174539,0.000016561,0.000009171
SAMPLES_BASELINE:lesmis,0.001616477,0.001669143,0.001598105,0.001636588,0.001621950,0.001642042,0.001628904,0.001953271,0.001964447,0.002150458,0.002169771,0.001936325,0.001958444,0.002125595,0.001964046
SAMPLES_INDEX_BUILD:lesmis,0.016958090,0.017099677,0.017307351,0.017218023,0.017091808,0.017068859,0.017626654,0.021121224,0.020985370,0.020508773,0.021643081,0.020649904,0.020859633,0.020482479,0.021039762
SAMPLES_MY:lesmis,0.000217145,0.000218249,0.000217012,0.000217765,0.000217486,0.000218265,0.000216055,0.000264711,0.000261691,0.000266006,0.000267231,0.000258396,0.000261340,0.000276020,0.000269191
SAMPLES_CS:lesmis,0.000154714,0.000154435,0.000155580,0.000156975,0.000155117,0.000153605,0.000188130,0.000189391,0.000185847,0.000188401,0.000187696,0.000191575,0.000184840,0.000187672,0.000184110
VERIFY_BASELINE:lesmis,OK
VERIFY_INDEXED:lesmis,OK

Matrix-Matrix Multiplication: polbooks
REPETITIONS:polbooks,4096,4096
RESULT_MY:polbooks,882,4073,0.048103821,0.001263336,0.000699612
RESULT_CS:polbooks,882,4073,0.033300173,0.001156102,0.000640228
SAMPLES_MY:polbooks,0.047334786,0.050535464,0.047784534,0.046689659,0.048654548,0.046199880,0.046527588,0.048510833,0.049356622,0.048694751,0.046407762,0.049471361,0.048288445,0.048375905,0.048725175
SAMPLES_CS:polbooks,0.032834162,0.033354262,0.034211929,0.033341054,0.031115674,0.035569749,0.034123488,0.034061843,0.034534247,0.033495376,0.031377570,0.032460549,0.033422256,0.032819084,0.032781354
VERIFY:polbooks,OK

Matrix-Vector Multiplication: polbooks
REPETITIONS:polbooks,65536,262144,4096,524288
RESULT_BASELINE:polbooks,882,72,0.003172407,0.000080790,0.000044740
RESULT_INDEX_BUILD:polbooks,882,0.043699117,0.000728620,0.000403497
RESULT_MY:polbooks,882,72,0.000382793,0.000011213,0.000006210
RESULT_CS:polbooks,882,72,0.000256234,0.000007571,0.000004193
SAMPLES_BASELINE:polbooks,0.003148266,0.003202686,0.003026137,0.003128283,0.003202402,0.003170352,0.003148625,0.003244836,0.003321028,0.003186512,0.003305221,0.003209592,0.003088074,0.003074658,0.003129439
SAMPLES_INDEX_BUILD:polbooks,0.043632767,0.043283025,0.043779946,0.044119937,0.042935827,0.043766926,0.043056268,0.044949298,0.042230576,0.044340021,0.045009376,0.043759066,0.043848178,0.043432571,0.043342966
SAMPLES_MY:polbooks,0.000371333,0.000388067,0.000375412,0.000376579,0.000386767,0.000372690,0.000368964,0.000381594,0.000378260,0.000384351,0.000407635,0.000406082,0.000379836,0.000380500,0.000383829
SAMPLES_CS:polbooks,0.000254039,0.000272886,0.000258460,0.000261860,0.000255948,0.000252860,0.000258677,0.000253205,0.000254312,0.000270823,0.000255665,0.000246987,0.000247245,0.000251464,0.000249077
VERIFY_BASELINE:polbooks,OK
VERIFY_INDEXED:polbooks,OK

Matrix-Matrix Multiplication: football
REPETITIONS:football,2048,2048
RESULT_MY:football,1226,5761,0.060420460,0.001563280,0.000865716
RESULT_CS:football,1226,5761,0.070726436,0.001815929,0.001005628
SAMPLES_MY:football,0.059436477,0.059562071,0.063002031,0.058869740,0.061983662,0.061627274,0.059418033,0.060263725,0.060684579,0.061858119,0.061175517,0.061275263,0.056541864,0.060337309,0.060271236
SAMPLES_CS:football,0.072757966,0.068371182,0.069038770,0.071355108,0.071354340,0.069860407,0.070579413,0.069817969,0.071812709,0.072466275,0.071859759,0.072053667,0.069345389,0.073378403,0.066845176
VERIFY:football,OK

Matrix-Vector Multiplication: football
REPETITIONS:football,32768,262144,2048,524288
RESULT_BASELINE:football,1226,80,0.004030321,0.000116188,0.000064343
RESULT_INDEX_BUILD:football,1226,0.077131461,0.001907060,0.001056095
RESULT_MY:football,1226,80,0.000418543,0.000013674,0.000007572
RESULT_CS:football,1226,80,0.000259744,0.000007325,0.000004056
SAMPLES_BASELINE:football,0.004117650,0.003944361,0.004025135,0.004025993,0.004065676,0.003887489,0.003948941,0.004351448,0.003873434,0.003986783,0.004040475,0.004097127,0.004077298,0.004070226,0.003942780
SAMPLES_INDEX_BUILD:football,0.076169869,0.075853376,0.079023586,0.075173598,0.080763283,0.077568528,0.077155947,0.077632610,0.077440792,0.076213258,0.073805749,0.075287245,0.080029960,0.076135637,0.078718476
SAMPLES_MY:football,0.000406670,0.000406427,0.000419233,0.000407884,0.000420214,0.000421874,0.000449234,0.000419984,0.000415663,0.000406526,0.000418199,0.000416034,0.000449532,0.000411666,0.000409002
SAMPLES_CS:football,0.000254018,0.000262579,0.000262104,0.000256671,0.000272260,0.000251848,0.000256828,0.000260361,0.000273399,0.000264996,0.000255599,0.000253082,0.000249156,0.000255601,0.000267657
VERIFY_BASELINE:football,OK
VERIFY_INDEXED:football,OK

Matrix-Matrix Multiplication: celegansneural
REPETITIONS:celegansneural,1024,2048
RESULT_MY:celegansneural,2345,13628,0.163700488,0.006369694,0.003527419
RESULT_CS:celegansneural,2345,13628,0.085887582,0.003811064,0.002110497
SAMPLES_MY:celegansneural,0.168230646,0.167372846,0.171577162,0.169397412,0.156124591,0.161054883,0.152953136,0.162487778,0.165552479,0.155563574,0.166211029,0.175817111,0.164132453,0.159209864,0.159822348
SAMPLES_CS:celegansneural,0.084693176,0.090911043,0.090313809,0.084436461,0.084619930,0.082911012,0.086081748,0.083094396,0.086474383,0.083912516,0.094877430,0.087169677,0.081347837,0.086904695,0.080565620
VERIFY:celegansneural,OK

Matrix-Vector Multiplication: celegansneural
REPETITIONS:celegansneural,16384,131072,1024,524288
RESULT_BASELINE:celegansneural,2345,102,0.009017103,0.000863058,0.000477945
RESULT_INDEX_BUILD:celegansneural,2345,0.159789243,0.002752448,0.001524255
RESULT_MY:celegansneural,2345,102,0.000930279,0.000023680,0.000013113
RESULT_CS:celegansneural,2345,102,0.000375173,0.000006105,0.000003381
SAMPLES_BASELINE:celegansneural,0.008615667,0.008516337,0.008347608,0.008892363,0.008799738,0.012010564,0.008920965,0.008771323,0.008750957,0.008521921,0.008938629,0.008943699,0.008784040,0.009152841,0.009289901
SAMPLES_INDEX_BUILD:celegansneural,0.162509861,0.157932545,0.160444165,0.159807398,0.158651347,0.159138173,0.159688770,0.158539787,0.163947616,0.162428411,0.159151779,0.153147887,0.162632350,0.156730466,0.162088085
SAMPLES_MY:celegansneural,0.000913533,0.000928603,0.000930171,0.000917505,0.000913927,0.000888468,0.000911067,0.000956570,0.000909052,0.000932097,0.000942519,0.000986360,0.000953133,0.000935206,0.000935971
SAMPLES_CS:celegansneural,0.000368168,0.000367711,0.000374625,0.000381527,0.000383178,0.000366025,0.000374939,0.000370360,0.000374559,0.000386321,0.000377061,0.000374102,0.000369580,0.000378397,0.000381033
VERIFY_BASELINE:celegansneural,OK
VERIFY_INDEXED:celegansneural,OK

Matrix-Matrix Multiplication: netscience
REPETITIONS:netscience,512,2048
RESULT_MY:netscience,5484,14463,0.319749417,0.008551663,0.004735753
RESULT_CS:netscience,5484,14463,0.084998281,0.002444057,0.001353474
SAMPLES_MY:netscience,0.326893084,0.318823268,0.323570166,0.318886270,0.308691838,0.310248934,0.320907004,0.303232168,0.327469939,0.315489572,0.314340762,0.330267775,0.320553650,0.321334150,0.335532676
SAMPLES_CS:netscience,0.085357881,0.082685783,0.091135332,0.080819192,0.083348599,0.082983689,0.084040443,0.083513846,0.087089776,0.086712703,0.086059368,0.086949160,0.084150932,0.084790235,0.085337279
VERIFY:netscience,OK

Matrix-Vector Multiplication: netscience
REPETITIONS:netscience,4096,32768,512,65536
RESULT_BASELINE:netscience,5484,492,0.028799314,0.001031048,0.000570975
RESULT_INDEX_BUILD:netscience,5484,0.393048213,0.010099022,0.005592652
RESULT_MY:netscience,5484,492,0.005209051,0.000110330,0.000061099
RESULT_CS:netscience,5484,492,0.001881897,0.000063584,0.000035212
SAMPLES_BASELINE:netscience,0.029118736,0.028962925,0.029534646,0.028204936,0.027592202,0.027123268,0.028797849,0.029929436,0.027432616,0.030346331,0.028737189,0.027516955,0.028930662,0.030039005,0.029722948
SAMPLES_INDEX_BUILD:netscience,0.387779883,0.395865082,0.401445510,0.386423500,0.374988420,0.386223617,0.389385352,0.388391820,0.402095424,0.397266076,0.405193039,0.394492422,0.391723205,0.414313980,0.380135859
SAMPLES_MY:netscience,0.005100717,0.005153322,0.005119679,0.005358974,0.005036106,0.005384286,0.005244687,0.005133269,0.005257817,0.005101095,0.005415217,0.005229215,0.005193485,0.005192919,0.005214980
SAMPLES_CS:netscience,0.001922004,0.001831352,0.001879903,0.001871621,0.001842913,0.001818876,0.002074322,0.001849609,0.001875078,0.001881156,0.001889030,0.001922170,0.001868818,0.001900510,0.001801093
VERIFY_BASELINE:netscience,OK
VERIFY_INDEXED:netscience,OK

Matrix-Matrix Multiplication: add20
REPETITIONS:add20,64,128
RESULT_MY:add20,17319,23809,1.753435700,0.037923073,0.021001098
RESULT_CS:add20,17319,23809,1.112031415,0.019290259,0.010682590
SAMPLES_MY:add20,1.749929563,1.794158531,1.738096703,1.749714172,1.731994234,1.829637156,1.758922641,1.771836422,1.825693953,1.750474562,1.744984734,1.717458391,1.717412328,1.713608672,1.707613437
SAMPLES_CS:add20,1.115732781,1.109361367,1.127935578,1.116442234,1.133065844,1.140514609,1.129777453,1.089481687,1.130232727,1.093089453,1.089451070,1.097257023,1.090494437,1.130456313,1.087178641
VERIFY:add20,OK

Matrix-Vector Multiplication: add20
REPETITIONS:add20,1024,16384,128,65536
RESULT_BASELINE:add20,17319,891,0.180541860,0.005273406,0.002920315
RESULT_INDEX_BUILD:add20,17319,1.060873743,0.024643053,0.013646868
RESULT_MY:add20,17319,891,0.007632568,0.000142238,0.000078769
RESULT_CS:add20,17319,891,0.003018351,0.000068784,0.000038092
SAMPLES_BASELINE:add20,0.181934670,0.179606999,0.177336442,0.176606868,0.178102138,0.176717220,0.198412784,0.178256416,0.180481923,0.177334855,0.180463499,0.180015437,0.179582583,0.180720931,0.182555129
SAMPLES_INDEX_BUILD:add20,1.036370109,1.118618352,1.026492844,1.081984078,1.031017805,1.091460172,1.057568367,1.043247109,1.066674672,1.049865719,1.082773492,1.053983656,1.055829813,1.052558531,1.064661422
SAMPLES_MY:add20,0.007622304,0.007659221,0.007389154,0.007651916,0.007797611,0.007770874,0.007445545,0.007884546,0.007683167,0.007707826,0.007596988,0.007660502,0.007374160,0.007641195,0.007603506
SAMPLES_CS:add20,0.002932101,0.002950345,0.003040553,0.002935678,0.003007251,0.003165942,0.002991106,0.002972580,0.003140542,0.002961957,0.003043998,0.003031772,0.002993505,0.003054068,0.003053861
VERIFY_BASELINE:add20,OK
VERIFY_INDEXED:add20,OK

Matrix-Matrix Multiplication: ca-GrQc
REPETITIONS:ca-GrQc,32,128
RESULT_MY:ca-GrQc,28980,158504,3.681626577,0.106861629,0.059177997
RESULT_CS:ca-GrQc,28980,158504,1.419685342,0.046604913,0.025808941
SAMPLES_MY:ca-GrQc,3.712917875,3.837581500,3.860959000,3.688712687,3.625798563,3.630975969,3.620534594,3.912819281,3.685494906,3.564895469,3.638538344,3.600093094,3.602755938,3.577471437,3.664850000
SAMPLES_CS:ca-GrQc,1.405498188,1.432067039,1.571951484,1.416230055,1.418001734,1.389746172,1.431605250,1.455883813,1.382656023,1.413829547,1.399213273,1.390272070,1.401725703,1.386210805,1.400388977
VERIFY:ca-GrQc,OK

Matrix-Vector Multiplication: ca-GrQc
REPETITIONS:ca-GrQc,512,4096,64,16384
RESULT_BASELINE:ca-GrQc,28980,1876,0.282596037,0.031406289,0.017392223
RESULT_INDEX_BUILD:ca-GrQc,28980,2.818857826,0.247777372,0.137214535
RESULT_MY:ca-GrQc,28980,1876,0.046272074,0.004380121,0.002425630
RESULT_CS:ca-GrQc,28980,1876,0.008849567,0.001028010,0.000569293
SAMPLES_BASELINE:ca-GrQc,0.337947057,0.258720865,0.263387264,0.262688096,0.261846928,0.263210443,0.265409756,0.260258635,0.284960035,0.263629154,0.261706506,0.267025516,0.320524939,0.340145850,0.327479508
SAMPLES_INDEX_BUILD:ca-GrQc,2.687888844,2.678955875,2.681930406,2.680326562,2.677472984,2.679229297,2.725833125,2.702469328,2.673802094,2.683669500,2.802343797,2.735764656,3.316342641,3.336647328,3.220190953
SAMPLES_MY:ca-GrQc,0.043804535,0.043957342,0.044877604,0.044406686,0.044164854,0.044401698,0.043849367,0.044294186,0.043721017,0.043837183,0.043279559,0.045470104,0.054907473,0.054242644,0.054866857
SAMPLES_CS:ca-GrQc,0.008385947,0.008319253,0.008173967,0.007768996,0.008620612,0.008192521,0.008176776,0.008446950,0.008047296,0.008550885,0.008250240,0.010773821,0.010478648,0.010133852,0.010423747
VERIFY_BASELINE:ca-GrQc,OK
VERIFY_INDEXED:ca-GrQc,OK

Matrix-Matrix Multiplication: ca-HepTh
REPETITIONS:ca-HepTh,16,32
RESULT_MY:ca-HepTh,51971,413659,9.592764117,0.278531219,0.154245448
RESULT_CS:ca-HepTh,51971,413659,3.310071244,0.068438141,0.037899779
SAMPLES_MY:ca-HepTh,10.365793500,9.866024688,9.367065937,9.217528312,9.450263312,9.541302000,9.432840625,9.373573438,9.702237688,9.654455938,9.862377438,9.474475875,9.468652625,9.608322250,9.506548125
SAMPLES_CS:ca-HepTh,3.337790219,3.385324656,3.322803313,3.301161938,3.248525594,3.350337750,3.257110844,3.209508625,3.320373781,3.283798438,3.268982406,3.257220156,3.348929844,3.489410687,3.269790406
VERIFY:ca-HepTh,OK

Matrix-Vector Multiplication: ca-HepTh
REPETITIONS:ca-HepTh,256,1024,32,8192
RESULT_BASELINE:ca-HepTh,51971,3340,0.776964546,0.012588389,0.006971218
RESULT_INDEX_BUILD:ca-HepTh,51971,5.382452273,0.099210415,0.054940896
RESULT_MY:ca-HepTh,51971,3340,0.113572968,0.002763758,0.001530518
RESULT_CS:ca-HepTh,51971,3340,0.017318397,0.001163510,0.000644330
SAMPLES_BASELINE:ca-HepTh,0.778790414,0.781737020,0.754437605,0.767014961,0.792576828,0.762877777,0.769999680,0.772264773,0.780029508,0.767541477,0.784622574,0.802832133,0.787069539,0.767841770,0.784832125
SAMPLES_INDEX_BUILD:ca-HepTh,5.316487656,5.337709406,5.625770062,5.458933406,5.385964031,5.299315031,5.480215531,5.382022000,5.469440719,5.403092313,5.433671750,5.310234750,5.304713719,5.275999375,5.253214344
SAMPLES_MY:ca-HepTh,0.113826438,0.116386707,0.110880116,0.118550941,0.115331351,0.116478961,0.111965197,0.113679801,0.111651364,0.111192959,0.108961258,0.115463529,0.110339130,0.112624202,0.116262571
SAMPLES_CS:ca-HepTh,0.018118482,0.015519284,0.015092510,0.018053742,0.018623611,0.018246396,0.018743710,0.017097187,0.015931326,0.017769880,0.017493991,0.015898361,0.018139960,0.017505635,0.017541875
VERIFY_BASELINE:ca-HepTh,OK
VERIFY_INDEXED:ca-HepTh,OK

Matrix-Matrix Multiplication: roadNet-PA
REPETITIONS:roadNet-PA,1,2
RESULT_MY:roadNet-PA,3083796,7238920,196.729136867,8.203474455,4.542932730
RESULT_CS:roadNet-PA,3083796,7238920,96.124066300,3.182704273,1.762522878
SAMPLES_MY:roadNet-PA,198.382309001,217.487333003,190.591459002,191.807110000,190.979261000,193.539342001,197.002349000,207.780630000,193.392806999,191.749844998,192.069631997,193.901635997,209.359386999,191.780836999,191.113116000
SAMPLES_CS:roadNet-PA,94.447621500,101.550825501,93.473335499,93.564429000,94.724754000,96.602623999,103.068184499,95.351853499,93.964177499,94.494736500,92.598456500,98.815650001,99.840620501,94.731614500,94.632111501
VERIFY:roadNet-PA,OK

Matrix-Vector Multiplication: roadNet-PA
REPETITIONS:roadNet-PA,2,8,1,8
RESULT_BASELINE:roadNet-PA,3083796,276324,51.811034233,0.981806736,0.543706448
RESULT_INDEX_BUILD:roadNet-PA,3083796,346.806640734,3.732638742,2.067066437
RESULT_MY:roadNet-PA,3083796,276324,13.390218625,0.314953849,0.174415628
RESULT_CS:roadNet-PA,3083796,276324,13.035824742,0.329882121,0.182682630
SAMPLES_BASELINE:roadNet-PA,51.027778501,53.739102500,50.654137500,52.945452500,51.495671000,51.602344500,51.164383499,51.884167001,51.693773001,49.994155500,52.859989502,51.081680499,52.651267499,52.324547499,52.047063001
SAMPLES_INDEX_BUILD:roadNet-PA,337.201344002,350.207258001,347.163977999,344.612153001,342.875960000,348.957778998,352.268537000,344.562359001,348.036402002,346.727616999,349.222234998,348.296916999,346.367119003,350.930388000,344.669565000
SAMPLES_MY:roadNet-PA,13.020128000,13.307566500,14.335418500,13.319594125,13.354973000,13.211520125,13.480805375,13.429813125,13.227486375,13.375954750,13.136808875,13.793425875,13.387969625,13.271249625,13.200565500
SAMPLES_CS:roadNet-PA,12.761228875,12.733661625,12.900017875,13.400654000,12.892362625,12.936608500,12.799250500,12.919107750,14.065459250,13.063568250,13.017075125,13.057281250,12.844886250,13.119366125,13.026843125
VERIFY_BASELINE:roadNet-PA,OK
VERIFY_INDEXED:roadNet-PA,OK

Matrix-Matrix Multiplication: roadNet-TX
REPETITIONS:roadNet-TX,1,1
RESULT_MY:roadNet-TX,3843320,8903897,256.601613800,13.605846657,7.534666736
RESULT_CS:roadNet-TX,3843320,8903897,123.312380867,6.609440180,3.660185972
SAMPLES_MY:roadNet-TX,248.909831002,298.382582001,251.952943001,253.769689001,251.756928999,251.483679000,250.472947001,272.671932999,247.089350000,252.055232000,247.144074999,261.998875000,263.868310999,247.089269999,250.378561001
SAMPLES_CS:roadNet-TX,121.187757000,143.948122997,127.765204001,122.264848001,119.470938999,122.971781999,125.000725999,123.026672002,122.122790001,122.096926000,114.909660000,126.030791000,116.041442998,122.324553002,120.523499001
VERIFY:roadNet-TX,OK

Matrix-Vector Multiplication: roadNet-TX
REPETITIONS:roadNet-TX,2,8,1,16
RESULT_BASELINE:roadNet-TX,3843320,345146,54.311111199,2.419976671,1.340138411
RESULT_INDEX_BUILD:roadNet-TX,3843320,434.049568000,9.644429595,5.340907089
RESULT_MY:roadNet-TX,3843320,345146,17.703176992,0.749671958,0.415154493
RESULT_CS:roadNet-TX,3843320,345146,8.111780292,0.434330576,0.240524256
SAMPLES_BASELINE:roadNet-TX,53.698876498,55.801693499,53.570069000,57.537677001,55.812197000,57.640033498,51.836602001,52.383347999,52.156050999,52.151494499,52.458876500,57.856541999,57.401426999,51.367804499,52.993975999
SAMPLES_INDEX_BUILD:roadNet-TX,444.341837000,450.617240001,432.275040001,454.524649002,431.839345001,426.106123999,430.837389000,421.258686002,438.426524997,424.231079999,430.364280999,436.379200999,423.973733000,435.801805001,429.766585000
SAMPLES_MY:roadNet-TX,18.399010875,17.721375625,17.939301875,17.786642625,17.550957625,18.270404625,17.406994125,16.787100250,17.196902625,16.923543750,17.461604625,18.588183125,19.518644875,16.833839875,17.163148375
SAMPLES_CS:roadNet-TX,8.234868938,8.393574625,9.055765562,8.359586500,8.544880125,7.692956062,7.918364250,7.651585688,7.645891562,8.534957125,8.465175625,8.002684687,7.709926438,7.752763438,7.713723750
VERIFY_BASELINE:roadNet-TX,OK
VERIFY_INDEXED:roadNet-TX,OK

Matrix-Matrix Multiplication: roadNet-CA
REPETITIONS:roadNet-CA,1,1
RESULT_MY:roadNet-CA,5533214,12908450,406.109853533,15.284027212,8.464012151
RESULT_CS:roadNet-CA,5533214,12908450,173.872479066,4.932041023,2.731273281
SAMPLES_MY:roadNet-CA,399.627513003,409.945888001,455.049287003,405.069120999,400.362239998,407.075251002,399.040337998,393.972670000,412.422710001,419.022305001,395.575275999,401.603652999,401.011471998,398.706629999,393.163449001
SAMPLES_CS:roadNet-CA,176.382769000,182.239226997,175.302202001,180.587159999,176.114543002,170.743049998,171.417052001,169.381222002,183.521952998,168.238552999,170.444553997,170.510933001,170.045432001,172.809427001,170.349108998
VERIFY:roadNet-CA,OK

Matrix-Vector Multiplication: roadNet-CA
REPETITIONS:roadNet-CA,1,8,1,16
RESULT_BASELINE:roadNet-CA,5533214,496450,100.770220001,14.895202955,8.248688454
RESULT_INDEX_BUILD:roadNet-CA,5533214,657.166241000,59.357923147,32.871322184
RESULT_MY:roadNet-CA,5533214,496450,25.805245425,2.584025013,1.430985355
RESULT_CS:roadNet-CA,5533214,496450,12.257838217,1.440498145,0.797721283
SAMPLES_BASELINE:roadNet-CA,102.291554000,94.121773001,90.628224999,98.137844000,94.589292001,92.398159999,89.781332001,96.229940001,91.325711001,91.936687000,94.785689000,92.720028002,122.901141003,118.651880000,141.054044001
SAMPLES_INDEX_BUILD:roadNet-CA,622.021823999,615.736687001,628.560948998,639.809142001,616.243354999,626.278308000,627.482312001,625.215024002,621.841480002,625.707302000,635.137217999,666.301396001,764.645057000,784.180000998,758.333560001
SAMPLES_MY:roadNet-CA,26.367205125,24.756280500,24.525690375,23.749122000,24.756004000,24.702366875,24.193569125,24.180524500,24.524366625,24.290955250,24.570869125,24.628645250,29.315890125,31.275931250,31.241261250
SAMPLES_CS:roadNet-CA,12.585192938,11.027404062,11.439955250,11.756385562,11.457468375,11.240844188,11.552206625,11.139112625,11.470154750,11.317116625,11.245887000,13.500439000,15.300903562,13.956404688,14.878098000
VERIFY_BASELINE:roadNet-CA,OK
VERIFY_INDEXED:roadNet-CA,OK
